# SS16-4201-PA-F.grid  List_of_occupied_cells	Size_X 50 	Size_Y 50
  0   0
  0   1
  0   2
  0   3
  0   4
  0   5
  0   6
  0   7
  0   8
  0   9
  0  10
  0  11
  0  12
  0  13
  0  14
  0  15
  0  16
  0  17
  0  18
  0  19
  0  20
  0  21
  0  22
  0  23
  0  24
  0  25
  0  26
  0  27
  0  28
  0  29
  0  30
  0  31
  0  32
  0  33
  0  34
  0  35
  0  36
  0  37
  0  38
  0  39
  0  40
  0  41
  0  42
  0  43
  0  44
  0  45
  0  46
  0  47
  0  48
  0  49
 49   0
 49   1
 49   2
 49   3
 49   4
 49   5
 49   6
 49   7
 49   8
 49   9
 49  10
 49  11
 49  12
 49  13
 49  14
 49  15
 49  16
 49  17
 49  18
 49  19
 49  20
 49  21
 49  22
 49  23
 49  24
 49  25
 49  26
 49  27
 49  28
 49  29
 49  30
 49  31
 49  32
 49  33
 49  34
 49  35
 49  36
 49  37
 49  38
 49  39
 49  40
 49  41
 49  42
 49  43
 49  44
 49  45
 49  46
 49  47
 49  48
 49  49
  1   0
  2   0
  3   0
  4   0
  5   0
  6   0
  7   0
  8   0
  9   0
 10   0
 11   0
 12   0
 13   0
 14   0
 15   0
 16   0
 17   0
 18   0
 19   0
 20   0
 21   0
 22   0
 23   0
 24   0
 25   0
 26   0
 27   0
 28   0
 29   0
 30   0
 31   0
 32   0
 33   0
 34   0
 35   0
 36   0
 37   0
 38   0
 39   0
 40   0
 41   0
 42   0
 43   0
 44   0
 45   0
 46   0
 47   0
 48   0
  1  49
  2  49
  3  49
  4  49
  5  49
  6  49
  7  49
  8  49
  9  49
 10  49
 11  49
 12  49
 13  49
 14  49
 15  49
 16  49
 17  49
 18  49
 19  49
 20  49
 21  49
 22  49
 23  49
 24  49
 25  49
 26  49
 27  49
 28  49
 29  49
 30  49
 31  49
 32  49
 33  49
 34  49
 35  49
 36  49
 37  49
 38  49
 39  49
 40  49
 41  49
 42  49
 43  49
 44  49
 45  49
 46  49
 47  49
 48  49
 17  22
 17  23
 17  24
 17  25
 17  26
 17  27
 17  28
 17  29
 17  30
 17  31
 17  32
 17  33
 17  34
 17  35
  1  21
  2  21
  3  21
  4  21
  5  21
  6  21
  7  21
  8  21
  9  21
 10  21
 11  21
 12  21
 13  21
 14  21
 15  21
 16  21
 17  21
 18  21
 19  21
 20  21
 21  21
 22  21
 23  21
 24  21
 25  21
 26  21
 27  21
  7  42
  7  41
  7  40
  7  39
  7  38
  7  37
  7  36
  7  35
  7  34
  7  33
  7  32
  7  31
  7  30
  7  30
  8  30
  9  30
 10  30
 11  30
  8  42
  9  42
 10  42
 11  42
 12  42
 13  42
 14  42
 15  42
 16  42
 17  42
 24  48
 24  47
 24  46
 24  45
 24  44
 24  43
 24  42
 24  41
 24  40
 24  39
 24  38
 24  37
 24  36
 24  35
 24  34
 24  33
 24  32
 24  31
 24  30
 24  29
 33  48
 34  47
 35  46
 36  45
 37  44
 38  43
 39  42
 40  41
 41  40
 28  22
 29  23
 30  24
 31  25
 32  26
 28  21
 29  22
 30  23
 31  24
 32  25
 33  26
 37  15
 37  14
 37  13
 37  12
 37  11
 38  11
 39  11
 40  11
 41  11
 42  11
 42  12
 42  13
 42  14
 42  15
 41  28
 44  29
 48  38
 46  34
 21  20
 21  19
 21  18
 21  17
 21  16
 21  15
 22  15
 22  12
 21  12
 21  11
 21  10
 21   9
 21   8
 21   7
 21   6
 21   5
 21   4
 21   3
 26  14
 27  14
 28  14
 29  14
 30  14
 31  14
 30  15
 29  16
 30  13
 29  12
 24  4
 24  5
 24  6
 25  4
 26  4
 25  5
 26  6
 27  7
 28  8
  2  3
  3  3
  4  3
  5  3
  6  3
  7  3
  8  3
  9  3
 10  3
 11  3
 12  3
 15  3
 16  3
 17  3
 18  3
 19  3
 20  3
  1  6
  2  6
  3  6
  4  6
  5  6
  6  6
  7  6
 10  6
 11  6
 12  6
 13  6
 14  6
 15  6
 16  6
 17  6
 18  6
  3  9
  4  9
  5  9
  6  9
  7  9
  8  9
 11  9
 12  9
 13  9
 14  9
 15  9
 18  9
  3  12
  4  12
  5  12
  6  12
  9  12
 10  12
 11  12
 12  12
 15  12
 18  12
 19  12
 20  12
  2  15
  4  15
  5  15
  6  15
  7  15
  8  15
 11  15
 12  15
 13  15
 14  15
 15  15
 18  15
  1  18
  2  18
  3  18
  4  18
  7  18
  8  18
  9  18
 10  18
 11  18
 12  18
 13  18
 14  18
 15  18
 16  18
 17  18
 18  18
  4  13
  4  14
  4  16
  4  17
  5   4
  5   5
 15  10
 15  11
  3  10
  3  11
 15  13
 15  14
 11  14
 11  13
 18   7
 18   8
 18  10
 18  11
 18  13
 18  14
 18  16
 18  17
